# Blender v2.79 (sub 0) OBJ File: 'GGJ19_mainScene.blend'
# www.blender.org
mtllib GGJ19_birdNests.mtl
o Sphere.001
v 0.000000 -15.044861 -15.044861
v 0.000000 -19.657055 -8.142220
v 0.000000 -21.276646 -0.000003
v 16.516254 -1.826366 -16.596085
v 13.899634 -8.142221 -13.899638
v 10.638320 -15.044861 -10.638324
v 5.757417 -19.657055 -5.757421
v 22.847460 -4.891010 0.418408
v 19.657053 -8.142221 -0.000003
v 15.044858 -15.044861 -0.000003
v 8.142217 -19.657055 -0.000003
v 16.376905 -3.302977 16.376904
v 13.899634 -8.142221 13.899632
v 10.638321 -15.044861 10.638318
v 5.757416 -19.657055 5.757414
v -1.410679 -1.612587 22.816641
v 0.000000 -8.142221 19.657049
v -0.000001 -15.044861 15.044853
v -0.000001 -19.657055 8.142214
v -16.941938 -1.525394 16.058220
v -13.899633 -8.142221 13.899630
v -10.638321 -15.044861 10.638316
v -5.757417 -19.657055 5.757413
v -23.160439 -3.302977 -0.000003
v -19.657049 -8.142221 -0.000003
v -15.044856 -15.044861 -0.000004
v -8.142217 -19.657055 -0.000004
v -16.536482 -1.278506 -16.613407
v -13.899632 -8.142221 -13.899634
v -10.638319 -15.044861 -10.638324
v -5.757416 -19.657055 -5.757421
v 0.000000 -3.302977 -23.160444
v 0.000000 -8.142221 -19.657053
v 0.000000 -14.317381 -14.268682
v 0.000000 -18.692896 -7.692688
v 0.000000 -20.212812 -0.000003
v 15.906953 -1.202553 -15.986784
v 13.283290 -7.532369 -13.283293
v 10.089473 -14.317381 -10.089476
v 5.439537 -18.692896 -5.439540
v 21.985765 -4.267197 0.418408
v 18.785391 -7.532369 -0.000003
v 14.268679 -14.317381 -0.000003
v 7.692684 -18.692896 -0.000003
v 15.767606 -2.679164 15.767602
v 13.283290 -7.532369 13.283286
v 10.089473 -14.317381 10.089470
v 5.439536 -18.692896 5.439534
v -1.410679 -0.988774 21.954947
v 0.000000 -7.532369 18.785387
v -0.000001 -14.317381 14.268674
v -0.000001 -18.692896 7.692681
v -16.332640 -0.901582 15.448920
v -13.283288 -7.532369 13.283284
v -10.089473 -14.317381 10.089468
v -5.439537 -18.692896 5.439533
v -22.298744 -2.679164 -0.000003
v -18.785387 -7.532369 -0.000003
v -14.268677 -14.317381 -0.000004
v -7.692684 -18.692896 -0.000004
v -15.927182 -0.654693 -16.004107
v -13.283286 -7.532369 -13.283290
v -10.089471 -14.317381 -10.089476
v -5.439536 -18.692896 -5.439540
v 0.000000 -2.679164 -22.298746
v 0.000000 -7.532369 -18.785391
v 11.703099 1.463913 -21.487326
v 12.534707 0.917420 -22.231710
v 10.924103 0.510805 -21.657875
v 11.755712 -0.035687 -22.402260
v 15.568032 -3.062205 -13.846656
v 16.399641 -3.608697 -14.591040
v 14.789037 -4.015312 -14.017204
v 15.620645 -4.561805 -14.761588
v -19.016781 -5.961525 6.484270
v -18.054413 -6.836844 6.472615
v -18.153202 -5.011264 6.424887
v -17.190828 -5.886582 6.413232
v -19.440466 -6.277911 -4.739911
v -18.478092 -7.153228 -4.751565
v -18.576881 -5.327648 -4.799293
v -17.614513 -6.202966 -4.810948
v 4.433747 -6.978767 19.962856
v 4.592112 -7.909389 19.067680
v 4.617918 -6.080707 19.061823
v 4.776281 -7.011329 18.166647
v -6.602509 -6.829792 17.855572
v -6.444146 -7.760411 16.960398
v -6.418339 -5.931731 16.954538
v -6.259975 -6.862353 16.059361
v 5.124279 -14.264357 15.301920
v 5.282641 -15.194982 14.406745
v 5.308450 -13.366298 14.400889
v 5.466811 -14.296920 13.505709
v -5.911976 -14.115380 13.194637
v -5.753615 -15.046001 12.299460
v -5.727808 -13.217321 12.293599
v -5.569447 -14.147943 11.398422
v 12.941923 -16.319283 -3.262252
v 12.050271 -17.249907 -3.439391
v 12.044956 -15.421224 -3.465315
v 11.153304 -16.351851 -3.642450
v 10.603211 -16.170292 7.727293
v 9.711558 -17.100912 7.550152
v 9.706244 -15.272230 7.524230
v 8.814592 -16.202856 7.347095
v 6.304889 -13.917103 -14.435710
v 5.660769 -14.845321 -13.790728
v 5.655688 -13.016458 -13.787895
v 5.011566 -13.944673 -13.142912
v 14.248661 -13.907332 -6.488500
v 13.604540 -14.835547 -5.843516
v 13.599461 -13.006687 -5.840683
v 12.955338 -13.934902 -5.195701
v 11.869896 -9.825077 -14.670685
v 11.024663 -10.753293 -14.329400
v 11.018879 -8.924430 -14.328781
v 10.173646 -9.852648 -13.987496
v 16.067753 -9.815316 -4.247648
v 15.222521 -10.743532 -3.906363
v 15.216737 -8.914672 -3.905745
v 14.371502 -9.842887 -3.564460
v -5.671950 -9.825060 -16.350689
v -5.588561 -10.753275 -15.442976
v -5.589635 -8.924411 -15.437259
v -5.506246 -9.852628 -14.529547
v 5.518461 -9.815291 -17.368761
v 5.601850 -10.743506 -16.461050
v 5.600777 -8.914643 -16.455332
v 5.684165 -9.842858 -15.547621
v -12.623298 -15.576385 5.939085
v -11.711777 -16.504601 5.933463
v -11.706175 -14.675734 5.935019
v -10.794656 -15.603946 5.929398
v -12.682680 -15.566644 -5.297381
v -11.771164 -16.494854 -5.303003
v -11.765560 -14.665994 -5.301448
v -10.854044 -15.594208 -5.307071
v -8.795352 -11.754506 15.322344
v -8.246865 -12.622472 14.523420
v -7.993173 -10.848512 14.888779
v -7.444686 -11.716475 14.089855
v -16.187622 -9.046102 7.304828
v -15.639136 -9.914064 6.505905
v -15.385444 -8.140104 6.871263
v -14.836956 -9.008070 6.072339
v 15.183228 -11.897612 6.325172
v 14.528923 -12.828235 5.694056
v 14.538469 -10.999555 5.669375
v 13.884165 -11.930177 5.038260
v 7.273948 -11.748631 14.305339
v 6.619645 -12.679255 13.674222
v 6.629192 -10.850574 13.649541
v 5.974888 -11.781199 13.018426
v 23.608891 -4.829018 -0.719679
v 22.779785 -5.797894 -1.055544
v 22.695751 -3.950468 -0.999896
v 21.866648 -4.919344 -1.335764
v 18.314909 -5.523841 14.353138
v 17.485804 -6.492719 14.017269
v 17.401773 -4.645293 14.072918
v 16.572668 -5.614168 13.737052
v 23.384735 -1.732691 -3.549175
v 24.216833 -2.296452 -4.280013
v 23.442190 -0.718988 -4.265724
v 24.274286 -1.282749 -4.996561
v 16.205103 -5.208660 -9.042253
v 17.037201 -5.772420 -9.773091
v 16.262556 -4.194956 -9.758802
v 17.094654 -4.758717 -10.489639
v 6.891341 0.080098 -23.961002
v 7.038291 -0.839496 -24.783859
v 6.245299 0.728793 -24.801338
v 6.392250 -0.190801 -25.624193
v -1.302595 -4.028255 -20.833008
v -1.155645 -4.947848 -21.655865
v -1.948636 -3.379560 -21.673340
v -1.801686 -4.299153 -22.496195
v -17.058414 -2.322030 -17.277203
v -18.215086 -2.775579 -17.304506
v -17.485857 -1.261191 -16.791155
v -18.642529 -1.714738 -16.818457
v -15.857558 -5.921023 -8.366061
v -17.014229 -6.374570 -8.393366
v -16.285000 -4.860181 -7.880013
v -17.441671 -5.313730 -7.907316
v -8.569580 -2.570663 -17.274441
v -8.725460 -3.254133 -18.300550
v -8.615710 -1.533871 -17.958015
v -8.771590 -2.217345 -18.984127
v -18.171568 -2.199286 -16.063141
v -18.327448 -2.882760 -17.089254
v -18.217695 -1.162498 -16.746717
v -18.373577 -1.845967 -17.772827
v -12.251563 -2.906538 16.829538
v -12.129519 -1.818920 17.418211
v -12.478917 -3.468256 17.914490
v -12.356869 -2.380638 18.503162
v -21.725685 -1.236781 15.708746
v -21.603640 -0.149163 16.297419
v -21.953037 -1.798499 16.793699
v -21.830990 -0.710881 17.382368
v -20.497526 -0.876645 16.752794
v -21.499331 -0.172670 16.540312
v -21.218681 -1.887413 16.804056
v -22.220480 -1.183439 16.591576
v -19.376905 -2.159685 7.218578
v -20.378706 -1.455711 7.006096
v -20.098053 -3.170457 7.269838
v -21.099857 -2.466480 7.057356
v -4.972072 -2.842263 23.231371
v -5.954300 -2.102268 23.410152
v -5.549665 -3.756763 23.843264
v -6.531897 -3.016765 24.022045
v -8.837116 -5.963920 14.917526
v -9.819347 -5.223925 15.096309
v -9.414712 -6.878421 15.529419
v -10.396940 -6.138424 15.708200
v 2.198541 -5.558944 19.581120
v 2.584798 -4.396690 19.791630
v 2.564363 -5.887247 20.722490
v 2.950619 -4.724994 20.933002
v -6.554324 -3.277079 23.042871
v -6.168068 -2.114828 23.253378
v -6.188504 -3.605383 24.184238
v -5.802246 -2.443131 24.394751
v 12.425836 -0.773746 19.373072
v 12.316940 -1.818063 18.708328
v 12.017299 -0.113507 18.402752
v 11.908404 -1.157825 17.738014
v 3.318400 -1.814243 22.499630
v 3.209506 -2.858561 21.834892
v 2.909864 -1.154007 21.529310
v 2.800968 -2.198324 20.864573
v 15.702403 -5.697519 12.749904
v 15.981267 -6.524607 13.634491
v 14.572187 -6.201291 12.635177
v 14.851050 -7.028380 13.519763
v 12.312573 0.371872 19.493412
v 12.591437 -0.455218 20.377998
v 11.182357 -0.131900 19.378687
v 11.461219 -0.958990 20.263271
vn 0.0805 -0.9776 -0.1945
vn 0.3256 -0.5253 -0.7862
vn 0.2243 -0.8103 -0.5414
vn 0.3429 -0.5165 -0.7846
vn 0.7862 -0.5253 -0.3256
vn 0.5414 -0.8103 -0.2243
vn 0.7608 -0.5455 -0.3516
vn 0.1945 -0.9776 -0.0805
vn 0.5414 -0.8103 0.2243
vn 0.7155 -0.6179 0.3259
vn 0.1945 -0.9776 0.0805
vn 0.7862 -0.5253 0.3256
vn 0.3007 -0.4462 0.8429
vn 0.0805 -0.9776 0.1945
vn 0.3256 -0.5253 0.7862
vn 0.2243 -0.8103 0.5414
vn -0.0805 -0.9776 0.1945
vn -0.3256 -0.5253 0.7862
vn -0.2243 -0.8103 0.5414
vn -0.3505 -0.4508 0.8209
vn -0.5414 -0.8103 0.2243
vn -0.7857 -0.5138 0.3446
vn -0.1945 -0.9776 0.0805
vn -0.7862 -0.5253 0.3256
vn -0.5414 -0.8103 -0.2243
vn -0.7918 -0.4976 -0.3543
vn -0.1945 -0.9776 -0.0805
vn -0.7862 -0.5253 -0.3256
vn -0.0805 -0.9776 -0.1945
vn -0.3256 -0.5253 -0.7862
vn -0.2243 -0.8103 -0.5414
vn -0.3530 -0.4997 -0.7910
vn -0.0800 0.9779 0.1932
vn -0.3260 0.5239 0.7870
vn -0.2236 0.8115 0.5399
vn -0.3436 0.5166 0.7843
vn -0.7870 0.5239 0.3260
vn -0.5399 0.8115 0.2236
vn -0.7602 0.5455 0.3529
vn -0.1932 0.9779 0.0800
vn -0.5399 0.8115 -0.2236
vn -0.7152 0.6177 -0.3270
vn -0.1932 0.9779 -0.0800
vn -0.7870 0.5239 -0.3260
vn -0.2989 0.4465 -0.8434
vn -0.0800 0.9779 -0.1932
vn -0.3260 0.5239 -0.7870
vn -0.2236 0.8115 -0.5399
vn 0.0800 0.9779 -0.1932
vn 0.3260 0.5239 -0.7870
vn 0.2236 0.8115 -0.5399
vn 0.3508 0.4511 -0.8207
vn 0.5399 0.8115 -0.2236
vn 0.7853 0.5139 -0.3452
vn 0.1932 0.9779 -0.0800
vn 0.7870 0.5239 -0.3260
vn 0.5399 0.8115 0.2236
vn 0.7913 0.4977 0.3552
vn 0.1932 0.9779 0.0800
vn 0.7870 0.5239 0.3260
vn 0.0800 0.9779 0.1932
vn 0.3260 0.5239 0.7870
vn 0.2236 0.8115 0.5399
vn 0.3539 0.4999 0.7905
vn 0.6227 0.7774 -0.0886
vn 0.5981 0.7847 0.1628
vn 0.2757 0.7864 0.5528
vn -0.2425 0.7871 0.5671
vn -0.6043 0.7834 0.1453
vn -0.6048 0.7833 -0.1437
vn -0.1418 0.7831 -0.6055
vn 0.1656 0.7849 -0.5971
vn -0.3991 0.4673 -0.7889
vn -0.6269 -0.7670 -0.1372
vn 0.3991 -0.4673 0.7889
vn 0.6269 0.7670 0.1372
vn -0.6692 0.4398 0.5990
vn 0.6692 -0.4398 -0.5990
vn 0.0377 0.0282 0.9989
vn 0.6718 0.7393 -0.0462
vn -0.0377 -0.0282 -0.9989
vn -0.6718 -0.7393 0.0462
vn -0.7397 0.6728 0.0090
vn 0.7397 -0.6728 -0.0090
vn 0.9822 -0.0133 0.1875
vn 0.1433 0.6987 -0.7010
vn -0.9822 0.0133 -0.1875
vn -0.1433 -0.6987 0.7010
vn -0.1217 0.7153 0.6881
vn 0.1217 -0.7153 -0.6881
vn 0.2081 -0.0133 -0.9780
vn -0.6978 0.6987 -0.1580
vn -0.2081 0.0133 0.9780
vn 0.6978 -0.6987 0.1580
vn 0.6854 0.7153 0.1362
vn -0.6854 -0.7153 -0.1362
vn -0.7070 -0.0009 -0.7073
vn -0.5051 0.7007 0.5040
vn 0.7070 0.0009 0.7073
vn 0.5051 -0.7007 -0.5040
vn 0.4951 0.7135 -0.4958
vn -0.4951 -0.7135 0.4958
vn -0.3736 -0.0009 -0.9276
vn -0.6621 0.7007 0.2660
vn 0.3736 0.0009 0.9276
vn 0.6621 -0.7007 -0.2660
vn 0.6497 0.7135 -0.2623
vn -0.6497 -0.7135 0.2623
vn -0.9959 -0.0009 0.0906
vn 0.0640 0.7007 0.7106
vn 0.9959 0.0009 -0.0906
vn -0.0640 -0.7007 -0.7106
vn -0.0641 0.7135 -0.6977
vn 0.0641 -0.7135 0.6977
vn 0.0053 -0.0009 1.0000
vn 0.7135 0.7007 -0.0032
vn -0.0053 0.0009 -1.0000
vn -0.7135 -0.7007 0.0032
vn -0.7007 0.7135 0.0043
vn 0.7007 -0.7135 -0.0043
vn 0.6579 -0.2410 0.7135
vn 0.6241 0.7048 -0.3373
vn -0.6579 0.2410 -0.7135
vn -0.6241 -0.7048 0.3373
vn -0.4216 0.6672 0.6141
vn 0.4216 -0.6672 -0.6141
vn 0.7039 -0.0133 -0.7102
vn -0.5016 0.6987 -0.5102
vn -0.7039 0.0133 0.7102
vn 0.5016 -0.6987 0.5102
vn 0.5029 0.7153 0.4851
vn -0.5029 -0.7153 -0.4851
vn 0.3311 0.0435 -0.9426
vn -0.7036 0.6770 -0.2159
vn -0.3311 -0.0435 0.9426
vn 0.7036 -0.6770 0.2159
vn 0.6287 0.7347 0.2547
vn -0.6287 -0.7347 -0.2547
vn 0.7413 0.3589 0.5672
vn 0.0462 0.8157 -0.5766
vn -0.7413 -0.3589 -0.5672
vn -0.0462 -0.8157 0.5766
vn -0.6696 0.4537 0.5881
vn 0.6696 -0.4537 -0.5881
vn 0.8460 0.4242 -0.3230
vn -0.5199 0.5220 -0.6762
vn -0.8460 -0.4242 0.3230
vn 0.5199 -0.5220 0.6762
vn -0.1183 0.7400 0.6621
vn 0.1183 -0.7400 -0.6621
vn -0.1240 0.3716 -0.9201
vn -0.3440 0.8536 0.3911
vn 0.1240 -0.3716 0.9201
vn 0.3440 -0.8536 -0.3911
vn 0.9308 0.3650 0.0220
vn -0.9308 -0.3650 -0.0220
vn 0.9914 -0.0383 -0.1251
vn -0.0371 0.8343 -0.5501
vn -0.9914 0.0383 0.1251
vn 0.0371 -0.8343 0.5501
vn 0.1254 0.5500 0.8257
vn -0.1254 -0.5500 -0.8257
vn 0.9782 -0.1724 0.1157
vn -0.1829 -0.4520 0.8731
vn -0.9782 0.1724 -0.1157
vn 0.1829 0.4520 -0.8731
vn -0.0982 -0.8752 -0.4737
vn 0.0982 0.8752 0.4737
vn -0.1157 0.1325 0.9844
vn -0.5803 -0.8134 0.0412
vn 0.1157 -0.1325 -0.9844
vn 0.5803 0.8134 -0.0412
vn 0.8061 -0.5665 0.1710
vn -0.8061 0.5665 -0.1710
vn 0.3991 0.3223 0.8584
vn -0.4648 -0.7359 0.4924
vn -0.3991 -0.3223 -0.8584
vn 0.4648 0.7359 -0.4924
vn 0.7904 -0.5955 -0.1439
vn -0.7904 0.5955 0.1439
vn 0.9037 -0.2356 -0.3574
vn 0.2944 -0.2642 0.9185
vn -0.9037 0.2356 0.3574
vn -0.2944 0.2642 -0.9185
vn -0.3108 -0.9353 -0.1694
vn 0.3108 0.9353 0.1694
vn 0.9403 0.1074 -0.3228
vn -0.3287 0.5313 -0.7808
vn -0.9403 -0.1074 0.3228
vn 0.3287 -0.5313 0.7808
vn 0.0876 0.8404 0.5349
vn -0.0876 -0.8404 -0.5349
vn 0.3500 -0.6267 -0.6963
vn -0.9095 -0.4054 -0.0923
vn -0.3500 0.6267 0.6963
vn 0.9095 0.4054 0.0923
vn -0.2244 0.6656 -0.7118
vn 0.2244 -0.6656 0.7118
usemtl None
s off
f 3//1 2//1 7//1
f 1//2 33//2 5//2 6//2
f 2//3 1//3 6//3 7//3
f 33//4 32//4 4//4 5//4
f 6//5 5//5 9//5 10//5
f 7//6 6//6 10//6 11//6
f 5//7 4//7 8//7 9//7
f 3//8 7//8 11//8
f 11//9 10//9 14//9 15//9
f 9//10 8//10 12//10 13//10
f 3//11 11//11 15//11
f 10//12 9//12 13//12 14//12
f 13//13 12//13 16//13 17//13
f 3//14 15//14 19//14
f 14//15 13//15 17//15 18//15
f 15//16 14//16 18//16 19//16
f 3//17 19//17 23//17
f 18//18 17//18 21//18 22//18
f 19//19 18//19 22//19 23//19
f 17//20 16//20 20//20 21//20
f 23//21 22//21 26//21 27//21
f 21//22 20//22 24//22 25//22
f 3//23 23//23 27//23
f 22//24 21//24 25//24 26//24
f 27//25 26//25 30//25 31//25
f 25//26 24//26 28//26 29//26
f 3//27 27//27 31//27
f 26//28 25//28 29//28 30//28
f 3//29 31//29 2//29
f 30//30 29//30 33//30 1//30
f 31//31 30//31 1//31 2//31
f 29//32 28//32 32//32 33//32
f 36//33 40//33 35//33
f 34//34 39//34 38//34 66//34
f 35//35 40//35 39//35 34//35
f 66//36 38//36 37//36 65//36
f 39//37 43//37 42//37 38//37
f 40//38 44//38 43//38 39//38
f 38//39 42//39 41//39 37//39
f 36//40 44//40 40//40
f 44//41 48//41 47//41 43//41
f 42//42 46//42 45//42 41//42
f 36//43 48//43 44//43
f 43//44 47//44 46//44 42//44
f 46//45 50//45 49//45 45//45
f 36//46 52//46 48//46
f 47//47 51//47 50//47 46//47
f 48//48 52//48 51//48 47//48
f 36//49 56//49 52//49
f 51//50 55//50 54//50 50//50
f 52//51 56//51 55//51 51//51
f 50//52 54//52 53//52 49//52
f 56//53 60//53 59//53 55//53
f 54//54 58//54 57//54 53//54
f 36//55 60//55 56//55
f 55//56 59//56 58//56 54//56
f 60//57 64//57 63//57 59//57
f 58//58 62//58 61//58 57//58
f 36//59 64//59 60//59
f 59//60 63//60 62//60 58//60
f 36//61 35//61 64//61
f 63//62 34//62 66//62 62//62
f 64//63 35//63 34//63 63//63
f 62//64 66//64 65//64 61//64
f 8//65 4//65 37//65 41//65
f 12//66 8//66 41//66 45//66
f 16//67 12//67 45//67 49//67
f 20//68 16//68 49//68 53//68
f 24//69 20//69 53//69 57//69
f 28//70 24//70 57//70 61//70
f 32//71 28//71 61//71 65//71
f 4//72 32//72 65//72 37//72
f 67//73 68//73 70//73 69//73
f 69//74 70//74 74//74 73//74
f 73//75 74//75 72//75 71//75
f 71//76 72//76 68//76 67//76
f 69//77 73//77 71//77 67//77
f 74//78 70//78 68//78 72//78
f 75//79 76//79 78//79 77//79
f 77//80 78//80 82//80 81//80
f 81//81 82//81 80//81 79//81
f 79//82 80//82 76//82 75//82
f 77//83 81//83 79//83 75//83
f 82//84 78//84 76//84 80//84
f 83//85 84//85 86//85 85//85
f 85//86 86//86 90//86 89//86
f 89//87 90//87 88//87 87//87
f 87//88 88//88 84//88 83//88
f 85//89 89//89 87//89 83//89
f 90//90 86//90 84//90 88//90
f 91//85 92//85 94//85 93//85
f 93//86 94//86 98//86 97//86
f 97//87 98//87 96//87 95//87
f 95//88 96//88 92//88 91//88
f 93//89 97//89 95//89 91//89
f 98//90 94//90 92//90 96//90
f 99//91 100//91 102//91 101//91
f 101//92 102//92 106//92 105//92
f 105//93 106//93 104//93 103//93
f 103//94 104//94 100//94 99//94
f 101//95 105//95 103//95 99//95
f 106//96 102//96 100//96 104//96
f 107//97 108//97 110//97 109//97
f 109//98 110//98 114//98 113//98
f 113//99 114//99 112//99 111//99
f 111//100 112//100 108//100 107//100
f 109//101 113//101 111//101 107//101
f 114//102 110//102 108//102 112//102
f 115//103 116//103 118//103 117//103
f 117//104 118//104 122//104 121//104
f 121//105 122//105 120//105 119//105
f 119//106 120//106 116//106 115//106
f 117//107 121//107 119//107 115//107
f 122//108 118//108 116//108 120//108
f 123//109 124//109 126//109 125//109
f 125//110 126//110 130//110 129//110
f 129//111 130//111 128//111 127//111
f 127//112 128//112 124//112 123//112
f 125//113 129//113 127//113 123//113
f 130//114 126//114 124//114 128//114
f 131//115 132//115 134//115 133//115
f 133//116 134//116 138//116 137//116
f 137//117 138//117 136//117 135//117
f 135//118 136//118 132//118 131//118
f 133//119 137//119 135//119 131//119
f 138//120 134//120 132//120 136//120
f 139//121 140//121 142//121 141//121
f 141//122 142//122 146//122 145//122
f 145//123 146//123 144//123 143//123
f 143//124 144//124 140//124 139//124
f 141//125 145//125 143//125 139//125
f 146//126 142//126 140//126 144//126
f 147//127 148//127 150//127 149//127
f 149//128 150//128 154//128 153//128
f 153//129 154//129 152//129 151//129
f 151//130 152//130 148//130 147//130
f 149//131 153//131 151//131 147//131
f 154//132 150//132 148//132 152//132
f 155//133 156//133 158//133 157//133
f 157//134 158//134 162//134 161//134
f 161//135 162//135 160//135 159//135
f 159//136 160//136 156//136 155//136
f 157//137 161//137 159//137 155//137
f 162//138 158//138 156//138 160//138
f 163//139 164//139 166//139 165//139
f 165//140 166//140 170//140 169//140
f 169//141 170//141 168//141 167//141
f 167//142 168//142 164//142 163//142
f 165//143 169//143 167//143 163//143
f 170//144 166//144 164//144 168//144
f 171//145 172//145 174//145 173//145
f 173//146 174//146 178//146 177//146
f 177//147 178//147 176//147 175//147
f 175//148 176//148 172//148 171//148
f 173//149 177//149 175//149 171//149
f 178//150 174//150 172//150 176//150
f 179//151 180//151 182//151 181//151
f 181//152 182//152 186//152 185//152
f 185//153 186//153 184//153 183//153
f 183//154 184//154 180//154 179//154
f 181//155 185//155 183//155 179//155
f 186//156 182//156 180//156 184//156
f 187//157 188//157 190//157 189//157
f 189//158 190//158 194//158 193//158
f 193//159 194//159 192//159 191//159
f 191//160 192//160 188//160 187//160
f 189//161 193//161 191//161 187//161
f 194//162 190//162 188//162 192//162
f 195//163 196//163 198//163 197//163
f 197//164 198//164 202//164 201//164
f 201//165 202//165 200//165 199//165
f 199//166 200//166 196//166 195//166
f 197//167 201//167 199//167 195//167
f 202//168 198//168 196//168 200//168
f 203//169 204//169 206//169 205//169
f 205//170 206//170 210//170 209//170
f 209//171 210//171 208//171 207//171
f 207//172 208//172 204//172 203//172
f 205//173 209//173 207//173 203//173
f 210//174 206//174 204//174 208//174
f 211//175 212//175 214//175 213//175
f 213//176 214//176 218//176 217//176
f 217//177 218//177 216//177 215//177
f 215//178 216//178 212//178 211//178
f 213//179 217//179 215//179 211//179
f 218//180 214//180 212//180 216//180
f 219//181 220//181 222//181 221//181
f 221//182 222//182 226//182 225//182
f 225//183 226//183 224//183 223//183
f 223//184 224//184 220//184 219//184
f 221//185 225//185 223//185 219//185
f 226//186 222//186 220//186 224//186
f 227//187 228//187 230//187 229//187
f 229//188 230//188 234//188 233//188
f 233//189 234//189 232//189 231//189
f 231//190 232//190 228//190 227//190
f 229//191 233//191 231//191 227//191
f 234//192 230//192 228//192 232//192
f 235//193 236//193 238//193 237//193
f 237//194 238//194 242//194 241//194
f 241//195 242//195 240//195 239//195
f 239//196 240//196 236//196 235//196
f 237//197 241//197 239//197 235//197
f 242//198 238//198 236//198 240//198
